5

7
0.478	0.806
0.292	0.754
0.334	0.566
0.528	0.644
0.418	0.834
0.296	0.692
0.378	0.772
4
0.000	1.000	2.000	3.000	4.000	5.000	6.000	7.000	8.000	9.000	10.000	

7
0.691	0.789
0.527	0.662
0.655	0.490
0.845	0.578
0.863	0.703
0.765	0.796
0.696	0.790
0

3
0.208	0.506
0.540	0.362
0.848	0.478
0

5
0.042	0.716
0.376	0.288
0.634	0.298
0.810	0.434
0.880	0.512
3
0.000	1.000	2.000	3.000	4.000	5.000	6.000	7.000	

26
0.554	0.916
0.372	0.912
0.256	0.857
0.159	0.764
0.108	0.635
0.061	0.520
0.058	0.392
0.113	0.312
0.187	0.254
0.311	0.171
0.379	0.132
0.480	0.080
0.586	0.051
0.663	0.058
0.817	0.154
0.855	0.246
0.913	0.323
0.932	0.396
0.977	0.487
1.027	0.581
1.034	0.640
0.972	0.714
0.897	0.784
0.797	0.853
0.711	0.895
0.554	0.916
0