3

5
0.131	0.188	0.178
0.377	0.187	0.300
0.398	0.144	0.158
0.373	0.284	0.111
0.351	0.327	0.253
6
1   2   3
1   3   4
1   4   5
1   5   2
5   2   3
3   4   5


4
0.751	0.452	0.639
0.641	0.507	0.764
0.847	0.494	0.810
0.668	0.325	0.819
4
1   2   3
1   2   4
1   3   4
2   3   4

8
0.689	0.638	0.403
0.711	0.774	0.462
0.568	0.810	0.431
0.547	0.674	0.372
0.732	0.690	0.269
0.753	0.826	0.328
0.611	0.862	0.297
0.589	0.726	0.238
12
1   2   3
3   4   1
1   5   8
1   8   4
1   2   5
5   2   6
5   6   7
5   7   8
3   4   8
3   8   7
2   3   6
3   6   7                                                              
