5

10
0.283	0.565
0.430	0.395
0.553	0.395
0.640	0.468
0.683	0.548
0.575	0.475
0.515	0.463
0.453	0.460
0.383	0.483
0.325	0.483
3
0.000	1.000	2.000	3.000	4.000	5.000	6.000	7.000	8.000	9.000	10.000	11.000	12.000	

5
0.675	0.665
0.572	0.680
0.612	0.610
0.657	0.675
0.536	0.670
3
0.000	1.000	2.000	3.000	4.000	5.000	6.000	7.000	

6
0.502	0.785
0.120	0.748
0.052	0.055
0.933	0.057
0.920	0.772
0.502	0.785
0

6
0.602	0.635
0.435	0.668
0.385	0.658
0.407	0.597
0.525	0.634
0.230	0.825
4
0.000	1.000	2.000	3.000	4.000	5.000	6.000	7.000	8.000	9.000	

4
0.498	0.568
0.446	0.536
0.533	0.495
0.565	0.537
0
